0.023432016372681
0.019721984863281
0.018764972686768
0.01974892616272
0.019819974899292
0.013071060180664
0.015043020248413
0.021951198577881
0.019611835479736
0.019418001174927
0.015208005905151
0.019784927368164
0.014809131622314
0.02006983757019
0.019107103347778
0.019744157791138
0.015516996383667
0.020258903503418
0.01755690574646
0.020187854766846
0.021238088607788
0.014596223831177
0.019457101821899
0.020580053329468
0.014205932617188
0.019948959350586
0.014303922653198
0.019531965255737
0.017321825027466
0.019572019577026
0.02028489112854
0.013433933258057
0.019876003265381
0.019858837127686
0.01471209526062
0.015805006027222
0.019620180130005
0.016311883926392
0.020751953125
0.013401985168457
0.021389007568359
0.02325701713562
0.020808935165405
0.022799968719482
0.01960301399231
0.017700910568237
1.8986160755157
1.9283421039581
1.9126348495483
1.9534118175507
1.8256070613861
1.9065470695496
1.831845998764
1.85289311409
1.8849680423737
1.9444198608398
1.8256371021271
1.8487210273743
1.9058980941772
1.9148600101471
1.9793109893799
1.9281740188599
2.0645298957825
1.7949659824371
1.8989849090576
1.9450509548187
1.7999250888824
1.8964169025421
1.9488332271576
1.8017470836639
1.9430069923401
1.9178290367126
1.8521740436554
1.9801731109619
1.7878448963165
1.9290618896484
2.0250980854034
1.7697100639343
1.8479628562927
1.8544409275055
1.7832908630371
1.8027510643005
1.7889080047607
1.7983829975128
1.7760570049286
1.8629961013794
1.7769978046417
1.7924890518188
1.768424987793
1.7486119270325
1.7642238140106
1.7492551803589
1.7854599952698
1.7372980117798
1.7088828086853
1.723433971405
1.7354891300201
1.7246429920197
1.7248909473419
1.7373270988464
1.7246339321136
1.7266919612885
1.7333078384399
1.727607011795
1.7508671283722
1.7314560413361
1.7110469341278
1.7146849632263
1.7685780525208
1.709813117981
1.7404139041901
1.7504329681396
1.7368931770325
1.7400679588318
1.7799389362335
