0.020976066589355
0.018519163131714
0.02019190788269
0.019896984100342
0.018703937530518
0.019473075866699
0.014203071594238
0.019206047058105
0.01977014541626
0.018567085266113
0.019258975982666
0.019646167755127
0.019294023513794
0.01495099067688
0.020421981811523
0.020531892776489
0.01345682144165
0.018830060958862
0.020127058029175
0.013100862503052
0.014848947525024
0.021651029586792
0.019771814346313
0.022013187408447
0.018937826156616
0.020404815673828
0.021034955978394
0.021330833435059
0.022710084915161
0.019831895828247
0.019201040267944
0.018801927566528
0.030925035476685
0.019688844680786
0.016103982925415
0.01833701133728
0.013319969177246
0.013890027999878
0.022410154342651
0.019365072250366
0.019598960876465
0.014381170272827
0.017385005950928
0.018696069717407
0.018951892852783
0.02974796295166
0.021996021270752
